@ Q1         %le              45.5460667
@ Q2         %le              43.6041000
@ OpticsFile %s      optics$file
@ SEQUENCE   %s        SuperKEKB
* NAME                TYPENAME                             S              BETX              BETY              ALFX              ALFY               MUX               MUY          DeltaMUX          DeltaMUY
$ %s                  %s                                 %le               %le               %le               %le               %le               %le               %le               %le               %le
  MQC1LE              MONI                          .5300002         2.9087358        93.6285972        -5.2990847      -176.6390896          .2203223          .2490992          .2203223          .2490992
  MQC2LE              MONI                         2.2500008       142.9688048       291.1407337      -106.7116067       168.5324000          .2410243          .2499778          .0207020 8.785523267677E-4
  MQLC2LE             MONI                         5.6754722       173.3538813        91.5726167        12.7268301        10.0666773          .2436518          .2541906          .0026275          .0042128
  MQLC3LE             MONI                        12.9355133        26.9933253         7.6774363         1.1608736         3.9602896          .2616968          .2953789          .0180450          .0411883
  MQLC4LE             MONI                        19.0261011        15.0765434        42.2883848         1.7004484       -12.1016060          .3090789          .7388585          .0473821          .4434796
  MQLC5LE             MONI                        21.8468461         7.5372219       138.3021279          .9723638       -21.9368282          .3517006          .7447301          .0426217          .0058716
  MQLC7LE             MONI                        27.2720861         9.3764221       227.9670433        -1.0647787         2.7768696          .4721468          .7492946          .1204462          .0045644
  MQLY1LE1            MONI                        29.2820861        15.7603788       199.3109730        -3.1027329        24.1097585          .4994495          .7507472          .0273027          .0014527
  MQLY2LE1            MONI                        34.4377861        65.6771711        28.3618351        -6.5791323         9.0475504          .5250644          .7616696          .0256150          .0109223
  MQLY3LE             MONI                        41.6978296         5.4763094         1.8734863          .6651134         -.0310241          .5874587         1.0380527          .0623943          .2763832
  MQLY2LE2            MONI                        48.0578731         6.3722924        28.3794939          .4501620        -9.0490864          .8077634         1.2376681          .2203047          .1996154
  MQLY1LE2            MONI                        53.2135731         6.7471829       199.3221823         -.5228758       -24.1069717          .9517619         1.2485868          .1439984          .0109186
  MQLB1LE             MONI                        55.2235731        12.5617527       227.9626232        -1.9840866        -2.7726728          .9879476         1.2500394          .0361857          .0014526
  MQLB2LE             MONI                        60.0235180        79.8695707        35.0676153       -10.6298044        12.5749176         1.0136916         1.2580613          .0257441          .0080219
  MQLB3LE             MONI                        68.9853633         2.3055551         4.5852967         -.4171011          .7201932         1.1670333         1.6717843          .1533416          .4137230
  MQLB4LE             MONI                        77.1787307        35.3516866        18.1118897         4.2598365        -5.8434664         1.3202075         1.9465966          .1531743          .2748123
  MQLX1LE1            MONI                        81.6354595         8.1391575       108.7404037         1.8461057       -14.4917430         1.3625201         1.9626066          .0423126          .0160100
  MQLX2LE             MONI                        88.4954617        16.1644459         1.7958373         2.9894593        -2.4817826         1.4656066         2.3834408          .1030864          .4208341
  MQLX1LE2            MONI                        94.4554638         2.9712288       132.4461102        -1.4587228        19.0742072         1.7542564         2.4384161          .2886499          .0549753
  MQLA2LE             MONI                        98.9121927        36.8830728        17.1404258        -6.1504106         6.7980612         1.8242478         2.4533248          .0699914          .0149088
  MQLA3LE             MONI                       105.2001788         7.6135468         2.4869200         -.5113721         -.0411786         1.8854148         2.7560256          .0611670          .3027008
  MQLA4LE             MONI                       109.4681120        14.9966664        10.1752582        -1.2185331        -1.7602409         1.9508086         2.9172503          .0653937          .1612247
  MQLA5LE             MONI                       119.0986538        10.0415612       234.1217208        -3.1555304        14.3138633         2.3120774         2.9492600          .3612688          .0320097
  MQLA6LE             MONI                       129.6316140       155.0224302        39.1608818        20.2637111        -2.2043083         2.3501493         2.9688597          .0380719          .0195997
  MQLA7LE             MONI                       133.7436466        33.2688920        59.8190339         9.3453777        -2.8195216         2.3592672         2.9823977          .0091180          .0135380
  MQLA8LE             MONI                       143.1554475        11.4708735         4.8146044          .3930074         -.3349338         2.7845560         3.0809346          .4252887          .0985369
  MQLA9LE             MONI                       151.6672485        15.2267568        21.2866661        -3.3369631         2.5689705         2.9121500         3.2149532          .1275940          .1340186
  MQLA10LE            MONI                       155.1316133        47.9128076         7.7717675        -6.0979703         1.3321484         2.9326197         3.2583569          .0204697          .0434037
  MQF4E1              MONI                       159.7521773        29.1572012         9.9679438         2.7076473         -.7784462         2.9504309         3.3563309          .0178112          .0979740
  MQD3E1              MONI                       164.5639584         7.4403317        20.9498176          .2028379         1.7084092         3.0072166         3.4064553          .0567857          .0501243
  MQF2E1              MONI                       175.0138628        15.5592217         6.6593999         1.9371573        -1.4349155         3.1826449         3.6098399          .1754283          .2033846
  MQD1E1              MONI                       180.1536167         5.3422016        23.8161932         -.7948461         3.1527643         3.2953521         3.6665139          .1127072          .0566740
  MQF2E2              MONI                       183.8933706        15.5592217         6.6593999        -1.9371573         1.4349155         3.3626215         3.7144993          .0672694          .0479854
  MQD3E2              MONI                       194.3432750         7.4403317        20.9498176         -.2028379        -1.7084092         3.5380498         3.9178839          .1754283          .2033846
  MQF4E2              MONI                       199.1550562        29.1572012         9.9679438        -2.7076473          .7784462         3.5948355         3.9680083          .0567857          .0501243
  MQEAE3              MONI                       203.7756202        48.5050151         7.6858431         5.6463304        -1.2526734         3.6126335         4.0660716          .0177980          .0980633
  MQD5E3              MONI                       209.5270192         7.6607158        26.9249766          .5245025         2.0631561         3.6656563         4.1251276          .0530228          .0590561
  MQF6E2              MONI                       216.8388196         8.8850272         7.1496356         -.6920158          .6371258         3.8388812         4.2134352          .1732249          .0883075
  MQD5E4              MONI                       225.0506200         7.6607158        26.9249766         -.5245025        -2.0631561         4.0277459         4.3224758          .1888647          .1090406
  MQEAE4              MONI                       230.8020191        48.5050151         7.6858431        -5.6463304         1.2526734         4.0807687         4.3815318          .0530228          .0590561
  MQF4E3              MONI                       235.4225831        29.1572012         9.9679438         2.7076473         -.7784462         4.0985667         4.4795952          .0177980          .0980633
  MQD3E3              MONI                       240.2343642         7.4403317        20.9498176          .2028379         1.7084092         4.1553524         4.5297195          .0567857          .0501243
  MQF2E3              MONI                       250.6842686        15.5592217         6.6593999         1.9371573        -1.4349155         4.3307807         4.7331041          .1754283          .2033846
  MQD1E2              MONI                       255.8240225         5.3422016        23.8161932         -.7948461         3.1527643         4.4434879         4.7897781          .1127072          .0566740
  MQF2E4              MONI                       259.5637764        15.5592217         6.6593999        -1.9371573         1.4349155         4.5107573         4.8377635          .0672694          .0479854
  MQD3E4              MONI                       270.0136808         7.4403317        20.9498176         -.2028379        -1.7084092         4.6861856         5.0411482          .1754283          .2033846
  MQF4E4              MONI                       274.8254620        29.1572012         9.9679438        -2.7076473          .7784462         4.7429713         5.0912725          .0567857          .0501243
  MQEAE5              MONI                       279.4460260        48.5050151         7.6858431         5.6463304        -1.2526734         4.7607693         5.1893358          .0177980          .0980633
  MQD5E5              MONI                       285.1974250         7.6607158        26.9249766          .5245025         2.0631561         4.8137921         5.2483919          .0530228          .0590561
  MQF6E3              MONI                       292.5092254         8.8850272         7.1496356         -.6920158          .6371258         4.9870170         5.3366994          .1732249          .0883075
  MQD5E6              MONI                       300.7210258         7.6607158        26.9249766         -.5245025        -2.0631561         5.1758817         5.4457400          .1888647          .1090406
  MQEAE6              MONI                       306.4724249        48.5050151         7.6858431        -5.6463304         1.2526734         5.2289045         5.5047961          .0530228          .0590561
  MQF4E5              MONI                       311.0929889        29.1572012         9.9679438         2.7076473         -.7784462         5.2467025         5.6028594          .0177980          .0980633
  MQD3E5              MONI                       315.9047700         7.4403317        20.9498176          .2028379         1.7084092         5.3034882         5.6529838          .0567857          .0501243
  MQF2E5              MONI                       326.3546744        15.5592217         6.6593999         1.9371573        -1.4349155         5.4789165         5.8563684          .1754283          .2033846
  MQD1E3              MONI                       331.4944283         5.3422016        23.8161932         -.7948461         3.1527643         5.5916237         5.9130424          .1127072          .0566740
  MQF2E6              MONI                       335.2341822        15.5592217         6.6593999        -1.9371573         1.4349155         5.6588931         5.9610278          .0672694          .0479854
  MQT1TNE1            MONI                       345.6840866         7.4403317        20.9498176         -.2028379        -1.7084092         5.8343214         6.1644124          .1754283          .2033846
  MQT2TNE1            MONI                       350.8918337        20.0134444        27.6411806        -4.0852939         3.0319945         5.9127238         6.1955322          .0784023          .0311198
  MQTATNE1            MONI                       354.4092937        45.9537751        14.5078121         4.4063204        -1.2253565         5.9292318         6.2268103          .0165080          .0312781
  MQT3TNE1            MONI                       359.2821055        15.6516231        26.8599377          .6223595         1.0376253         5.9599907         6.2642419          .0307590          .0374316
  MQT4TNE1            MONI                       367.4419758        11.3961005        15.0077135         -.1006456          .4136879         6.0645565         6.3308182          .1045658          .0665763
  MQTBTNE1            MONI                       371.4602122        17.7631299         9.1293805        -1.1279693          .5474632         6.1112043         6.3852630          .0466478          .0544448
  MQT5TNE             MONI                       375.4784486        10.2726343        16.6855495          .9752401        -1.5395822         6.1556271         6.4422130          .0444228          .0569500
  MQTBTNE2            MONI                       380.6966849        17.7631299         9.1293805         1.1279693         -.5474632         6.2195553         6.5100981          .0639281          .0678851
  MQT4TNE2            MONI                       384.7149213        11.3961005        15.0077135          .1006456         -.4136879         6.2662030         6.5645429          .0466478          .0544448
  MQT3TNE2            MONI                       392.8747916        15.6516231        26.8599377         -.6223595        -1.0376253         6.3707688         6.6311192          .1045658          .0665763
  MQTATNE2            MONI                       397.7476034        45.9537751        14.5078121        -4.4063204         1.2253565         6.4015278         6.6685508          .0307590          .0374316
  MQT2TNE2            MONI                       401.2650634        20.0134444        27.6411806         4.0852939        -3.0319945         6.4180358         6.6998289          .0165080          .0312781
  MQT1TNE2            MONI                       406.4728105         7.4403317        20.9498176          .2028379         1.7084092         6.4964381         6.7309487          .0784023          .0311198
  MQF2E7              MONI                       416.9227149        15.5592217         6.6593999         1.9371573        -1.4349155         6.6718664         6.9343333          .1754283          .2033846
  MQD1E4              MONI                       422.0624688         5.3422016        23.8161932         -.7948461         3.1527643         6.7845736         6.9910073          .1127072          .0566740
  MQF2E8              MONI                       425.8022227        15.5592217         6.6593999        -1.9371573         1.4349155         6.8518431         7.0389927          .0672694          .0479854
  MQD3E6              MONI                       436.2521271         7.4403317        20.9498176         -.2028379        -1.7084092         7.0272714         7.2423773          .1754283          .2033846
  MQF4E6              MONI                       441.0639082        29.1572012         9.9679438        -2.7076473          .7784462         7.0840570         7.2925017          .0567857          .0501243
  MQEAE7              MONI                       445.6844722        48.5050151         7.6858431         5.6463304        -1.2526734         7.1018551         7.3905650          .0177980          .0980633
  MQD5E7              MONI                       451.4358713         7.6607158        26.9249766          .5245025         2.0631561         7.1548778         7.4496211          .0530228          .0590561
  MQF6E4              MONI                       458.7476717         8.8850272         7.1496356         -.6920158          .6371258         7.3281028         7.5379286          .1732249          .0883075
  MQD5E8              MONI                       466.9594721         7.6607158        26.9249766         -.5245025        -2.0631561         7.5169675         7.6469692          .1888647          .1090406
  MQEAE8              MONI                       472.7108711        48.5050151         7.6858431        -5.6463304         1.2526734         7.5699902         7.7060253          .0530228          .0590561
  MQF4E7              MONI                       477.3314352        29.1572012         9.9679438         2.7076473         -.7784462         7.5877883         7.8040886          .0177980          .0980633
  MQD3E7              MONI                       482.1432163         7.4403317        20.9498176          .2028379         1.7084092         7.6445739         7.8542130          .0567857          .0501243
  MQF2E9              MONI                       492.5931207        15.5592217         6.6593999         1.9371573        -1.4349155         7.8200022         8.0575976          .1754283          .2033846
  MQD1E5              MONI                       497.7328746         5.3422016        23.8161932         -.7948461         3.1527643         7.9327094         8.1142716          .1127072          .0566740
  MQF2E10             MONI                       501.4726285        15.5592217         6.6593999        -1.9371573         1.4349155         7.9999789         8.1622570          .0672694          .0479854
  MQD3E8              MONI                       511.9225329         7.4403317        20.9498176         -.2028379        -1.7084092         8.1754072         8.3656416          .1754283          .2033846
  MQF4E8              MONI                       516.7343140        29.1572012         9.9679438        -2.7076473          .7784462         8.2321928         8.4157659          .0567857          .0501243
  MQEAE9              MONI                       521.3548780        48.5050151         7.6858431         5.6463304        -1.2526734         8.2499909         8.5138293          .0177980          .0980633
  MQD5E9              MONI                       527.1062771         7.6607158        26.9249766          .5245025         2.0631561         8.3030136         8.5728853          .0530228          .0590561
  MQF6E5              MONI                       534.4180775         8.8850272         7.1496356         -.6920158          .6371258         8.4762386         8.6611929          .1732249          .0883075
  MQD5E10             MONI                       542.6298779         7.6607158        26.9249766         -.5245025        -2.0631561         8.6651033         8.7702335          .1888647          .1090406
  MQEAE10             MONI                       548.3812769        48.5050151         7.6858431        -5.6463304         1.2526734         8.7181260         8.8292895          .0530228          .0590561
  MQF4E9              MONI                       553.0018410        29.1572012         9.9679438         2.7076473         -.7784462         8.7359241         8.9273529          .0177980          .0980633
  MQD3E9              MONI                       557.8136221         7.4403317        20.9498176          .2028379         1.7084092         8.7927097         8.9774772          .0567857          .0501243
  MQF2E11             MONI                       568.2635265        15.5592217         6.6593999         1.9371573        -1.4349155         8.9681380         9.1808618          .1754283          .2033846
  MQD1E6              MONI                       573.4032804         5.3422016        23.8161932         -.7948461         3.1527643         9.0808452         9.2375358          .1127072          .0566740
  MQF2E12             MONI                       577.1430343        15.5592217         6.6593999        -1.9371573         1.4349155         9.1481147         9.2855212          .0672694          .0479854
  MQD3E10             MONI                       587.5929387         7.4403317        20.9498176         -.2028379        -1.7084092         9.3235430         9.4889058          .1754283          .2033846
  MQF4E10             MONI                       592.4047198        29.1572012         9.9679438        -2.7076473          .7784462         9.3803286         9.5390302          .0567857          .0501243
  MQEAE11             MONI                       597.0252838        48.5050151         7.6858431         5.6463304        -1.2526734         9.3981267         9.6370935          .0177980          .0980633
  MQD5E11             MONI                       602.7766829         7.6607158        26.9249766          .5245025         2.0631561         9.4511494         9.6961496          .0530228          .0590561
  MQF6E6              MONI                       610.0884833         8.8850272         7.1496356         -.6920158          .6371258         9.6243744         9.7844571          .1732249          .0883075
  MQD5E12             MONI                       618.3002837         7.6607158        26.9249766         -.5245025        -2.0631561         9.8132391         9.8934977          .1888647          .1090406
  MQEAE12             MONI                       624.0516827        48.5050151         7.6858431        -5.6463304         1.2526734         9.8662618         9.9525538          .0530228          .0590561
  MQS4NE1             MONI                       628.6782468        29.1247197         9.9772910         2.7059328         -.7794129         9.8840926        10.0507129          .0178308          .0981591
  MQSBNE1             MONI                       632.7116843         7.1239106        19.7434347          .1518948         2.8004989         9.9334257        10.0927323          .0493331          .0420194
  MQS3NE1             MONI                       635.2613416         7.2829308         8.3744012         -.2142641         1.6585449         9.9910104        10.1245012          .0575847          .0317689
  MQS2NE1             MONI                       643.6320420         7.9593141        12.8553157        -1.0471387        -1.0205480        10.2576613        10.2975793          .2666510          .1730781
  MQR7NE1             MONI                       648.8994305        10.6099497        61.4331437         -.4428616        -6.7937294        10.3484714        10.3293747          .0908101          .0317955
  MQR6NE1             MONI                       655.0520212        53.1897177        20.1806012         4.1727284         -.5324851        10.3893710        10.3573736          .0408996          .0279989
  MQR5NE1             MONI                       668.4924054         4.1064929        38.9087507         -.9175391         3.5451347        10.6701407        10.4303589          .2807697          .0729853
  MQR4NE1             MONI                       677.9182054        49.6847499         3.8304286         3.2119226         -.2637357        10.7716887        10.5920216          .1015481          .1616627
  MQR3NE1             MONI                       687.3440054        11.7964281        27.2460000         -.6213514         1.7078980        10.8422131        10.7485342          .0705244          .1565126
  MQR2NE1             MONI                       696.7698054        28.8232835         9.2517301         1.9137339         -.6740765        10.9206195        10.8589100          .0784064          .1103758
  MQDRNE1             MONI                       706.1956054         8.5241435        30.1975747         -.6155022         1.9357433        11.0333751        10.9457448          .1127556          .0868348
  MQFRNE1             MONI                       715.6214054        28.8232891         9.2516570         1.9137357         -.6740535        11.1263809        11.0505335          .0930057          .1047887
  MQDRNE2             MONI                       725.0472054         8.5241316        30.1969921         -.6155009         1.9357071        11.2391365        11.1373697          .1127557          .0868361
  MQFRNE2             MONI                       734.4730054        28.8232624         9.2516020         1.9137328         -.6740679        11.3321424        11.2421599          .0930059          .1047902
  MQDRNE3             MONI                       743.8988054         8.5241399        30.1974018         -.6155026         1.9357196        11.4448981        11.3289957          .1127557          .0868358
  MQFRNE3             MONI                       753.3246054        28.8233021         9.2517568         1.9137359         -.6740695        11.5379038        11.4337841          .0930057          .1047884
  MQDRNE4             MONI                       762.7504054         8.5241377        30.1973757         -.6155010         1.9357372        11.6506594        11.5206191          .1127556          .0868350
  MQFRNE4             MONI                       772.1762054        28.8232613         9.2515819         1.9137335         -.6740527        11.7436652        11.6254087          .0930058          .1047896
  MQDRNE5             MONI                       781.6020054         8.5241331        30.1970047         -.6155020         1.9356985        11.8564210        11.7122452          .1127557          .0868365
  MQFRNE5             MONI                       791.0278054        28.8232909         9.2516869         1.9137344         -.6740760        11.9494268        11.8170348          .0930058          .1047897
  MQDRNE6             MONI                       800.4536054         8.5241431        30.1975820         -.6155019         1.9357384        12.0621823        11.9038699          .1127556          .0868350
  MQR2NE2             MONI                       809.8794054        29.3386803         9.0916567         1.5643811         -.5541000        12.1551487        12.0087919          .0929663          .1049220
  MQR3NE2             MONI                       819.3052054        12.7993860        26.0497451        -1.3839263         2.5047504        12.2451161        12.1019656          .0899675          .0931737
  MQR4NE2             MONI                       828.7310054        47.7257231         4.4654677         4.5173371         -.7464354        12.3010463        12.3079423          .0559302          .2059767
  MQR5NE2             MONI                       838.1568054         2.8889850        42.2237863         -.0049400         1.2982858        12.4672050        12.4174506          .1661587          .1095083
  MQR6NE2             MONI                       850.1971896        53.1897177        20.1806012        -4.1727284          .5324851        12.6789831        12.4851179          .2117781          .0676673
  MQR7NE2             MONI                       856.3497802        10.6099497        61.4331437          .4428616         6.7937294        12.7198828        12.5131168          .0408996          .0279989
  MQS2NE2             MONI                       860.7171688         8.8919925        16.7312619         -.0495002         3.4415123        12.7941065        12.5348652          .0742238          .0217484
  MQS3NE2             MONI                       869.9878691         7.2829308         8.3744012          .2142641        -1.6585449        13.0773438        12.7179904          .2832372          .1831252
  MQSBNE2             MONI                       872.5375264         7.1239106        19.7434347         -.1518948        -2.8004989        13.1349284        12.7497592          .0575847          .0317689
  MQS4NE2             MONI                       876.5709640        29.1247197         9.9772910        -2.7059328          .7794129        13.1842615        12.7917787          .0493331          .0420194
  MQEAE13             MONI                       881.1975280        48.5050151         7.6858431         5.6463304        -1.2526734        13.2020923        12.8899378          .0178308          .0981591
  MQD5E13             MONI                       886.9489271         7.6607158        26.9249766          .5245025         2.0631561        13.2551151        12.9489938          .0530228          .0590561
  MQF6E7              MONI                       894.2607275         8.8850272         7.1496356         -.6920158          .6371258        13.4283400        13.0373014          .1732249          .0883075
  MQD5E14             MONI                       902.4725278         7.6607158        26.9249766         -.5245025        -2.0631561        13.6172047        13.1463419          .1888647          .1090406
  MQEAE14             MONI                       908.2239269        48.5050151         7.6858431        -5.6463304         1.2526734        13.6702275        13.2053980          .0530228          .0590561
  MQF4E11             MONI                       912.8444909        29.1572012         9.9679438         2.7076473         -.7784462        13.6880255        13.3034613          .0177980          .0980633
  MQD3E11             MONI                       917.6562721         7.4403317        20.9498176          .2028379         1.7084092        13.7448111        13.3535857          .0567857          .0501243
  MQF2E13             MONI                       928.1061765        15.5592217         6.6593999         1.9371573        -1.4349155        13.9202394        13.5569703          .1754283          .2033846
  MQD1E7              MONI                       933.2459304         5.3422016        23.8161932         -.7948461         3.1527643        14.0329467        13.6136443          .1127072          .0566740
  MQF2E14             MONI                       936.9856843        15.5592217         6.6593999        -1.9371573         1.4349155        14.1002161        13.6616297          .0672694          .0479854
  MQD3E12             MONI                       947.4355886         7.4403317        20.9498176         -.2028379        -1.7084092        14.2756444        13.8650143          .1754283          .2033846
  MQF4E12             MONI                       952.2473698        29.1572012         9.9679438        -2.7076473          .7784462        14.3324301        13.9151387          .0567857          .0501243
  MQEAE15             MONI                       956.8679338        48.5050151         7.6858431         5.6463304        -1.2526734        14.3502281        14.0132020          .0177980          .0980633
  MQD5E15             MONI                       962.6193329         7.6607158        26.9249766          .5245025         2.0631561        14.4032509        14.0722581          .0530228          .0590561
  MQF6E8              MONI                       969.9311333         8.8850272         7.1496356         -.6920158          .6371258        14.5764758        14.1605656          .1732249          .0883075
  MQD5E16             MONI                       978.1429336         7.6607158        26.9249766         -.5245025        -2.0631561        14.7653405        14.2696062          .1888647          .1090406
  MQEAE16             MONI                       983.8943327        48.5050151         7.6858431        -5.6463304         1.2526734        14.8183633        14.3286622          .0530228          .0590561
  MQF4E13             MONI                       988.5148967        29.1572012         9.9679438         2.7076473         -.7784462        14.8361613        14.4267256          .0177980          .0980633
  MQD3E13             MONI                       993.3266779         7.4403317        20.9498176          .2028379         1.7084092        14.8929469        14.4768499          .0567857          .0501243
  MQF2E15             MONI                      1003.7765823        15.5592217         6.6593999         1.9371573        -1.4349155        15.0683752        14.6802345          .1754283          .2033846
  MQD1E8              MONI                      1008.9163362         5.3422016        23.8161932         -.7948461         3.1527643        15.1810825        14.7369085          .1127072          .0566740
  MQF2E16             MONI                      1012.6560901        15.5592217         6.6593999        -1.9371573         1.4349155        15.2483519        14.7848940          .0672694          .0479854
  MQD3E14             MONI                      1023.1059944         7.4403317        20.9498176         -.2028379        -1.7084092        15.4237802        14.9882786          .1754283          .2033846
  MQF4E14             MONI                      1027.9177756        29.1572012         9.9679438        -2.7076473          .7784462        15.4805659        15.0384029          .0567857          .0501243
  MQEAE17             MONI                      1032.5383396        48.5050151         7.6858431         5.6463304        -1.2526734        15.4983639        15.1364662          .0177980          .0980633
  MQD5E17             MONI                      1038.2897387         7.6607158        26.9249766          .5245025         2.0631561        15.5513867        15.1955223          .0530228          .0590561
  MQF6E9              MONI                      1045.6015391         8.8850272         7.1496356         -.6920158          .6371258        15.7246116        15.2838298          .1732249          .0883075
  MQD5E18             MONI                      1053.8133394         7.6607158        26.9249766         -.5245025        -2.0631561        15.9134763        15.3928704          .1888647          .1090406
  MQEAE18             MONI                      1059.5647385        48.5050151         7.6858431        -5.6463304         1.2526734        15.9664991        15.4519265          .0530228          .0590561
  MQF4E15             MONI                      1064.1853025        29.1572012         9.9679438         2.7076473         -.7784462        15.9842971        15.5499898          .0177980          .0980633
  MQD3E15             MONI                      1068.9970837         7.4403317        20.9498176          .2028379         1.7084092        16.0410827        15.6001142          .0567857          .0501243
  MQF2E17             MONI                      1079.4469881        15.5592217         6.6593999         1.9371573        -1.4349155        16.2165110        15.8034988          .1754283          .2033846
  MQD1E9              MONI                      1084.5867420         5.3422016        23.8161932         -.7948461         3.1527643        16.3292182        15.8601728          .1127072          .0566740
  MQF2E18             MONI                      1088.3264959        15.5592217         6.6593999        -1.9371573         1.4349155        16.3964877        15.9081582          .0672694          .0479854
  MQT1NFE1            MONI                      1098.7764002         7.4403317        20.9498176         -.2028379        -1.7084092        16.5719160        16.1115428          .1754283          .2033846
  MQT2NFE1            MONI                      1103.9841474        20.0134444        27.6411806        -4.0852939         3.0319945        16.6503183        16.1426626          .0784023          .0311198
  MQTANFE1            MONI                      1107.5016074        45.9537751        14.5078121         4.4063204        -1.2253565        16.6668263        16.1739407          .0165080          .0312781
  MQT3NFE1            MONI                      1112.3744192        15.6516231        26.8599377          .6223595         1.0376253        16.6975853        16.2113723          .0307590          .0374316
  MQT4NFE1            MONI                      1120.5342894        11.3961005        15.0077135         -.1006456          .4136879        16.8021511        16.2779486          .1045658          .0665763
  MQTBNFE1            MONI                      1124.5525258        17.7631299         9.1293805        -1.1279693          .5474632        16.8487989        16.3323934          .0466478          .0544448
  MQT5NFE             MONI                      1128.5707622        10.2726343        16.6855495          .9752401        -1.5395822        16.8932217        16.3893434          .0444228          .0569500
  MQTBNFE2            MONI                      1133.7889986        17.7631299         9.1293805         1.1279693         -.5474632        16.9571498        16.4572285          .0639281          .0678851
  MQT4NFE2            MONI                      1137.8072350        11.3961005        15.0077135          .1006456         -.4136879        17.0037976        16.5116733          .0466478          .0544448
  MQT3NFE2            MONI                      1145.9671053        15.6516231        26.8599377         -.6223595        -1.0376253        17.1083634        16.5782496          .1045658          .0665763
  MQTANFE2            MONI                      1150.8399170        45.9537751        14.5078121        -4.4063204         1.2253565        17.1391224        16.6156812          .0307590          .0374316
  MQT2NFE2            MONI                      1154.3573770        20.0134444        27.6411806         4.0852939        -3.0319945        17.1556304        16.6469593          .0165080          .0312781
  MQT1NFE2            MONI                      1159.5651242         7.4403317        20.9498176          .2028379         1.7084092        17.2340327        16.6780791          .0784023          .0311198
  MQF2E19             MONI                      1170.0150286        15.5592217         6.6593999         1.9371573        -1.4349155        17.4094610        16.8814637          .1754283          .2033846
  MQD1E10             MONI                      1175.1547825         5.3422016        23.8161932         -.7948461         3.1527643        17.5221682        16.9381377          .1127072          .0566740
  MQF2E20             MONI                      1178.8945364        15.5592217         6.6593999        -1.9371573         1.4349155        17.5894377        16.9861232          .0672694          .0479854
  MQD3E16             MONI                      1189.3444407         7.4403317        20.9498176         -.2028379        -1.7084092        17.7648660        17.1895078          .1754283          .2033846
  MQF4E16             MONI                      1194.1562219        29.1572012         9.9679438        -2.7076473          .7784462        17.8216516        17.2396321          .0567857          .0501243
  MQEAE19             MONI                      1198.7767859        48.5050151         7.6858431         5.6463304        -1.2526734        17.8394496        17.3376954          .0177980          .0980633
  MQD5E19             MONI                      1204.5281850         7.6607158        26.9249766          .5245025         2.0631561        17.8924724        17.3967515          .0530228          .0590561
  MQF6E10             MONI                      1211.8399854         8.8850272         7.1496356         -.6920158          .6371258        18.0656973        17.4850590          .1732249          .0883075
  MQD5E20             MONI                      1220.0517857         7.6607158        26.9249766         -.5245025        -2.0631561        18.2545620        17.5940996          .1888647          .1090406
  MQEAE20             MONI                      1225.8031848        48.5050151         7.6858431        -5.6463304         1.2526734        18.3075848        17.6531557          .0530228          .0590561
  MQF4E17             MONI                      1230.4237488        29.1572012         9.9679438         2.7076473         -.7784462        18.3253828        17.7512190          .0177980          .0980633
  MQD3E17             MONI                      1235.2355300         7.4403317        20.9498176          .2028379         1.7084092        18.3821685        17.8013434          .0567857          .0501243
  MQF2E21             MONI                      1245.6854343        15.5592217         6.6593999         1.9371573        -1.4349155        18.5575968        18.0047280          .1754283          .2033846
  MQD1E11             MONI                      1250.8251883         5.3422016        23.8161932         -.7948461         3.1527643        18.6703040        18.0614020          .1127072          .0566740
  MQF2E22             MONI                      1254.5649422        15.5592217         6.6593999        -1.9371573         1.4349155        18.7375735        18.1093874          .0672694          .0479854
  MQD3E18             MONI                      1265.0148465         7.4403317        20.9498176         -.2028379        -1.7084092        18.9130018        18.3127720          .1754283          .2033846
  MQF4E18             MONI                      1269.8266277        29.1572012         9.9679438        -2.7076473          .7784462        18.9697874        18.3628964          .0567857          .0501243
  MQEAE21             MONI                      1274.4471917        48.5050151         7.6858431         5.6463304        -1.2526734        18.9875854        18.4609597          .0177980          .0980633
  MQD5E21             MONI                      1280.1985908         7.6607158        26.9249766          .5245025         2.0631561        19.0406082        18.5200157          .0530228          .0590561
  MQF6E11             MONI                      1287.5103912         8.8850272         7.1496356         -.6920158          .6371258        19.2138331        18.6083233          .1732249          .0883075
  MQD5E22             MONI                      1295.7221915         7.6607158        26.9249766         -.5245025        -2.0631561        19.4026978        18.7173639          .1888647          .1090406
  MQEAE22             MONI                      1301.4735906        48.5050151         7.6858431        -5.6463304         1.2526734        19.4557206        18.7764199          .0530228          .0590561
  MQF4E19             MONI                      1306.0941546        29.1572012         9.9679438         2.7076473         -.7784462        19.4735186        18.8744833          .0177980          .0980633
  MQD3E19             MONI                      1310.9059358         7.4403317        20.9498176          .2028379         1.7084092        19.5303043        18.9246076          .0567857          .0501243
  MQF2E23             MONI                      1321.3558401        15.5592217         6.6593999         1.9371573        -1.4349155        19.7057326        19.1279922          .1754283          .2033846
  MQD1E12             MONI                      1326.4955941         5.3422016        23.8161932         -.7948461         3.1527643        19.8184398        19.1846662          .1127072          .0566740
  MQF2E24             MONI                      1330.2353480        15.5592217         6.6593999        -1.9371573         1.4349155        19.8857093        19.2326516          .0672694          .0479854
  MQD3E20             MONI                      1340.6852523         7.4403317        20.9498176         -.2028379        -1.7084092        20.0611376        19.4360363          .1754283          .2033846
  MQF4E20             MONI                      1345.4970335        29.1572012         9.9679438        -2.7076473          .7784462        20.1179232        19.4861606          .0567857          .0501243
  MQEAE23             MONI                      1350.1175975        48.5050151         7.6858431         5.6463304        -1.2526734        20.1357212        19.5842239          .0177980          .0980633
  MQD5E23             MONI                      1355.8689966         7.6607158        26.9249766          .5245025         2.0631561        20.1887440        19.6432800          .0530228          .0590561
  MQF6E12             MONI                      1363.1807970         8.8850272         7.1496356         -.6920158          .6371258        20.3619689        19.7315875          .1732249          .0883075
  MQD5E24             MONI                      1371.3925973         7.6607158        26.9249766         -.5245025        -2.0631561        20.5508336        19.8406281          .1888647          .1090406
  MQEAE24             MONI                      1377.1439964        48.5050151         7.6858431        -5.6463304         1.2526734        20.6038564        19.8996842          .0530228          .0590561
  MQS4FRE             MONI                      1381.7705604        29.1247197         9.9772910         2.7059328         -.7794129        20.6216872        19.9978433          .0178308          .0981591
  MQSBFRE             MONI                      1385.8556779        21.6329814        13.1792315         4.6534789        -2.5976491        20.6462616        20.0588233          .0245743          .0609800
  MQS3FRE             MONI                      1387.5316670         8.9762483        23.5378083         2.8983206        -3.5829263        20.6654499        20.0739910          .0191884          .0151677
  MQS2FRE             MONI                      1395.9023673        11.2063928        11.8924351        -1.7563394          .6016386        20.9766750        20.1476495          .3112250          .0736585
  MQI7E               MONI                      1400.6952694         5.9396777        37.6518968         -.5251009         1.5239760        21.0748459        20.1840554          .0981710          .0364059
  MQI6E               MONI                      1404.3012987        12.5196316        27.8083512        -1.2996081         1.2057705        21.1435100        20.2018289          .0686640          .0177734
  MQI5E               MONI                      1418.7440064        36.6707357        69.7334913        -4.5163713         4.4926479        21.2614628        20.2546404          .1179528          .0528115
  MQI4E               MONI                      1424.1361014       102.3414091        30.1163345        -7.6626934         2.8546183        21.2754895        20.2734103          .0140267          .0187699
  MQI3E               MONI                      1438.2788014         1.9831995        70.6511009         -.4713091         7.9158532        21.5402065        20.3222958          .2647170          .0488855
  MQI2E               MONI                      1447.1215014        42.2824297         1.5299790         5.6040710         -.2679495        21.6939086        20.5430940          .1537021          .2207982
  MQX7RE              MONI                      1455.9642014         3.7704938        46.1370086        -1.8023121         4.3046879        22.0475201        20.7273549          .3536115          .1842610
  MQX6RE              MONI                      1464.8069014        96.0995783         4.1437547         8.1593649         -.1055997        22.1148006        20.8546682          .0672805          .1273133
  MQX5RE              MONI                      1472.6496014        15.0874026        16.3792574          .2469937         1.1852893        22.1516457        21.0156124          .0368451          .1609442
  MQX4RE              MONI                      1481.0306296        12.0058313         8.8407063         2.2491019        -1.5883132        22.2439477        21.1589173          .0923020          .1433049
  MQX3RE              MONI                      1492.1848654        33.7086736        64.1625511       -11.2133439        13.9244883        22.6306776        21.2225518          .3867299          .0636345
  MQX2RE              MONI                      1494.6206604        79.1438140        22.2827608         6.9773227          .9330685        22.6372352        21.2341795          .0065575          .0116277
  MQX2LE              MONI                      1516.8500577        79.1438140        22.2827608        -6.9773227         -.9330685        23.0919231        21.4731626          .4546879          .2389831
  MQX3LE              MONI                      1519.2858527        33.7086736        64.1625511        11.2133439       -13.9244883        23.0984806        21.4847903          .0065575          .0116277
  MQX4LE              MONI                      1530.4400886        12.0058313         8.8407063        -2.2491019         1.5883132        23.4852106        21.5484248          .3867299          .0636345
  MQX5LE              MONI                      1537.8211168        13.1719719        15.1291664         -.0856114        -1.1173117        23.5711905        21.6764995          .0859799          .1280747
  MQX6LE              MONI                      1546.6638168        95.5983260         4.3841982        -7.4793882         -.2096522        23.6161029        21.8830976          .0449124          .2065981
  MQX7LE              MONI                      1555.5065168        28.0568416        50.9802773         3.1887521        -4.6258413        23.6410363        21.9944586          .0249334          .1113610
  MQM2E               MONI                      1564.3492168        29.3408767        28.5508884         -.5146595         1.3770404        23.6951094        22.0286912          .0540732          .0342326
  MQM3E               MONI                      1573.1919168         4.7585936        61.6320969          .4915195        -2.6914056        23.8180921        22.0648571          .1229827          .0361659
  MQM4E               MONI                      1582.0346168        25.4492989         5.9875838        -2.3433454         1.4802105        23.9870458        22.1341190          .1689538          .0692619
  MQM5E               MONI                      1592.0168895         3.2846000        21.0610370         -.0379006        -2.1062065        24.1925451        22.3801717          .2054993          .2460528
  MQM6E               MONI                      1598.3726647        33.6759851         4.6404034        -4.3274317          .7607558        24.3125817        22.4749904          .1200366          .0948187
  MQM7E               MONI                      1608.8759522         5.5669757        35.6097046          .5811089        -3.0092630        24.4296714        22.6624348          .1170897          .1874444
  MQS2FLE             MONI                      1613.3442720        13.5902205        12.6135548        -1.6937507         2.5239594        24.5272237        22.6923118          .0975524          .0298770
  MQS3FLE             MONI                      1622.6149723         6.6507663        24.1843141        -1.9353845         2.6386072        24.8286658        22.7826674          .3014420          .0903556
  MQSBFLE             MONI                      1626.1399006        29.1610023         9.6732577        -4.4506281         1.4780883        24.8693929        22.8196791          .0407271          .0370117
  MQS4FLE             MONI                      1630.1722585        29.1247197         9.9772910        -2.7059328          .7794129        24.8908771        22.8883561          .0214842          .0686770
  MQEAE25             MONI                      1634.7988225        48.5050151         7.6858431         5.6463304        -1.2526734        24.9087078        22.9865152          .0178308          .0981591
  MQD5E25             MONI                      1640.5502216         7.6607158        26.9249766          .5245025         2.0631561        24.9617306        23.0455712          .0530228          .0590561
  MQF6E13             MONI                      1647.8620220         8.8850272         7.1496356         -.6920158          .6371258        25.1349555        23.1338788          .1732249          .0883075
  MQD5E26             MONI                      1656.0738223         7.6607158        26.9249766         -.5245025        -2.0631561        25.3238202        23.2429194          .1888647          .1090406
  MQEAE26             MONI                      1661.8252214        48.5050151         7.6858431        -5.6463304         1.2526734        25.3768430        23.3019754          .0530228          .0590561
  MQF4E21             MONI                      1666.4457854        29.1572012         9.9679438         2.7076473         -.7784462        25.3946410        23.4000388          .0177980          .0980633
  MQD3E21             MONI                      1671.2575666         7.4403317        20.9498176          .2028379         1.7084092        25.4514267        23.4501631          .0567857          .0501243
  MQF2E25             MONI                      1681.7074710        15.5592217         6.6593999         1.9371573        -1.4349155        25.6268550        23.6535477          .1754283          .2033846
  MQD1E13             MONI                      1685.4472249         5.3422016        23.8161932          .7948461        -3.1527643        25.6941245        23.7015331          .0672694          .0479854
  MQF2E26             MONI                      1690.5869788        15.5592217         6.6593999        -1.9371573         1.4349155        25.8068317        23.7582071          .1127072          .0566740
  MQD3E22             MONI                      1701.0368831         7.4403317        20.9498176         -.2028379        -1.7084092        25.9822600        23.9615917          .1754283          .2033846
  MQF4E22             MONI                      1705.8486643        29.1572012         9.9679438        -2.7076473          .7784462        26.0390456        24.0117161          .0567857          .0501243
  MQEAE27             MONI                      1710.4692283        48.5050151         7.6858431         5.6463304        -1.2526734        26.0568436        24.1097794          .0177980          .0980633
  MQD5E27             MONI                      1716.2206274         7.6607158        26.9249766          .5245025         2.0631561        26.1098664        24.1688355          .0530228          .0590561
  MQF6E14             MONI                      1723.5324278         8.8850272         7.1496356         -.6920158          .6371258        26.2830913        24.2571430          .1732249          .0883075
  MQD5E28             MONI                      1731.7442281         7.6607158        26.9249766         -.5245025        -2.0631561        26.4719560        24.3661836          .1888647          .1090406
  MQEAE28             MONI                      1737.4956272        48.5050151         7.6858431        -5.6463304         1.2526734        26.5249788        24.4252397          .0530228          .0590561
  MQF4E23             MONI                      1742.1161912        29.1572012         9.9679438         2.7076473         -.7784462        26.5427768        24.5233030          .0177980          .0980633
  MQD3E23             MONI                      1746.9279724         7.4403317        20.9498176          .2028379         1.7084092        26.5995625        24.5734273          .0567857          .0501243
  MQF2E27             MONI                      1757.3778768        15.5592217         6.6593999         1.9371573        -1.4349155        26.7749908        24.7768120          .1754283          .2033846
  MQD1E14             MONI                      1761.1176307         5.3422016        23.8161932          .7948461        -3.1527643        26.8422603        24.8247974          .0672694          .0479854
  MQF2E28             MONI                      1766.2573846        15.5592217         6.6593999        -1.9371573         1.4349155        26.9549675        24.8814714          .1127072          .0566740
  MQD3E24             MONI                      1776.7072889         7.4403317        20.9498176         -.2028379        -1.7084092        27.1303958        25.0848560          .1754283          .2033846
  MQF4E24             MONI                      1781.5190701        29.1572012         9.9679438        -2.7076473          .7784462        27.1871814        25.1349803          .0567857          .0501243
  MQEAE29             MONI                      1786.1396341        48.5050151         7.6858431         5.6463304        -1.2526734        27.2049794        25.2330437          .0177980          .0980633
  MQD5E29             MONI                      1791.8910332         7.6607158        26.9249766          .5245025         2.0631561        27.2580022        25.2920997          .0530228          .0590561
  MQF6E15             MONI                      1799.2028336         8.8850272         7.1496356         -.6920158          .6371258        27.4312271        25.3804073          .1732249          .0883075
  MQD5E30             MONI                      1807.4146339         7.6607158        26.9249766         -.5245025        -2.0631561        27.6200918        25.4894479          .1888647          .1090406
  MQEAE30             MONI                      1813.1660330        48.5050151         7.6858431        -5.6463304         1.2526734        27.6731146        25.5485039          .0530228          .0590561
  MQF4E25             MONI                      1817.7865970        29.1572012         9.9679438         2.7076473         -.7784462        27.6909126        25.6465672          .0177980          .0980633
  MQD3E25             MONI                      1822.5983782         7.4403317        20.9498176          .2028379         1.7084092        27.7476983        25.6966916          .0567857          .0501243
  MQF2E29             MONI                      1833.0482825        15.5592217         6.6593999         1.9371573        -1.4349155        27.9231266        25.9000762          .1754283          .2033846
  MQD1E15             MONI                      1836.7880365         5.3422016        23.8161932          .7948461        -3.1527643        27.9903960        25.9480616          .0672694          .0479854
  MQF2E30             MONI                      1841.9277904        15.5592217         6.6593999        -1.9371573         1.4349155        28.1031033        26.0047356          .1127072          .0566740
  MQT1FOE1            MONI                      1852.3776947         7.4403317        20.9498176         -.2028379        -1.7084092        28.2785316        26.2081202          .1754283          .2033846
  MQT2FOE1            MONI                      1857.6104011        24.1438560        20.5819766        -4.0725482         1.7616865        28.3490082        26.2448772          .0704767          .0367570
  MQTAFOE1            MONI                      1861.1278611        48.1181067        13.8843623         4.8487187        -1.6545976        28.3637785        26.2818318          .0147703          .0369546
  MQT3FOE1            MONI                      1866.0435444        15.1239205        31.5332925          .5202825         1.3541151        28.3949358        26.3170418          .0311573          .0352101
  MQT4FOE1            MONI                      1874.2840316        12.2534576        15.2462870         -.1718167          .6205336        28.4983701        26.3783294          .1034343          .0612876
  MQTBFOE1            MONI                      1878.4725386        17.9477963         9.3017031         -.9510439          .4896003        28.5445944        26.4347033          .0462243          .0563739
  MQT5FOE             MONI                      1882.6610456        10.1156939        17.1677297          .9256287        -1.5165100        28.5913502        26.4924123          .0467558          .0577090
  MQTBFOE2            MONI                      1888.0495526        17.9477963         9.3017031          .9510439         -.4896003        28.6578782        26.5607697          .0665280          .0683574
  MQT4FOE2            MONI                      1892.2380596        12.2534576        15.2462870          .1718167         -.6205336        28.7041025        26.6171436          .0462243          .0563739
  MQT3FOE2            MONI                      1900.4785468        15.1239205        31.5332925         -.5202825        -1.3541151        28.8075368        26.6784312          .1034343          .0612876
  MQTAFOE2            MONI                      1905.3942301        48.1181067        13.8843623        -4.8487187         1.6545976        28.8386941        26.7136413          .0311573          .0352101
  MQT2FOE2            MONI                      1908.9116901        24.1438560        20.5819766         4.0725482        -1.7616865        28.8534644        26.7505958          .0147703          .0369546
  MQT1FOE2            MONI                      1914.1443965         7.4403317        20.9498176          .2028379         1.7084092        28.9239411        26.7873528          .0704767          .0367570
  MQF2E31             MONI                      1924.5943008        15.5592217         6.6593999         1.9371573        -1.4349155        29.0993694        26.9907374          .1754283          .2033846
  MQD1E16             MONI                      1928.3340547         5.3422016        23.8161932          .7948461        -3.1527643        29.1666388        27.0387228          .0672694          .0479854
  MQF2E32             MONI                      1933.4738086        15.5592217         6.6593999        -1.9371573         1.4349155        29.2793460        27.0953968          .1127072          .0566740
  MQD3E26             MONI                      1943.9237130         7.4403317        20.9498176         -.2028379        -1.7084092        29.4547743        27.2987814          .1754283          .2033846
  MQF4E26             MONI                      1948.7354942        29.1572012         9.9679438        -2.7076473          .7784462        29.5115600        27.3489058          .0567857          .0501243
  MQEAE31             MONI                      1953.3560582        48.5050151         7.6858431         5.6463304        -1.2526734        29.5293580        27.4469691          .0177980          .0980633
  MQD5E31             MONI                      1959.1074573         7.6607158        26.9249766          .5245025         2.0631561        29.5823808        27.5060252          .0530228          .0590561
  MQF6E16             MONI                      1966.4192576         8.8850272         7.1496356         -.6920158          .6371258        29.7556057        27.5943327          .1732249          .0883075
  MQD5E32             MONI                      1974.6310580         7.6607158        26.9249766         -.5245025        -2.0631561        29.9444704        27.7033733          .1888647          .1090406
  MQEAE32             MONI                      1980.3824571        48.5050151         7.6858431        -5.6463304         1.2526734        29.9974932        27.7624294          .0530228          .0590561
  MQF4E27             MONI                      1985.0030211        29.1572012         9.9679438         2.7076473         -.7784462        30.0152912        27.8604927          .0177980          .0980633
  MQD3E27             MONI                      1989.8148023         7.4403317        20.9498176          .2028379         1.7084092        30.0720769        27.9106170          .0567857          .0501243
  MQF2E33             MONI                      2000.2647066        15.5592217         6.6593999         1.9371573        -1.4349155        30.2475052        28.1140016          .1754283          .2033846
  MQD1E17             MONI                      2004.0044605         5.3422016        23.8161932          .7948461        -3.1527643        30.3147746        28.1619871          .0672694          .0479854
  MQF2E34             MONI                      2009.1442144        15.5592217         6.6593999        -1.9371573         1.4349155        30.4274818        28.2186611          .1127072          .0566740
  MQD3E28             MONI                      2019.5941188         7.4403317        20.9498176         -.2028379        -1.7084092        30.6029101        28.4220457          .1754283          .2033846
  MQF4E28             MONI                      2024.4059000        29.1572012         9.9679438        -2.7076473          .7784462        30.6596958        28.4721700          .0567857          .0501243
  MQEAE33             MONI                      2029.0264640        48.5050151         7.6858431         5.6463304        -1.2526734        30.6774938        28.5702334          .0177980          .0980633
  MQD5E33             MONI                      2034.7778631         7.6607158        26.9249766          .5245025         2.0631561        30.7305166        28.6292894          .0530228          .0590561
  MQF6E17             MONI                      2042.0896634         8.8850272         7.1496356         -.6920158          .6371258        30.9037415        28.7175970          .1732249          .0883075
  MQD5E34             MONI                      2050.3014638         7.6607158        26.9249766         -.5245025        -2.0631561        31.0926062        28.8266375          .1888647          .1090406
  MQEAE34             MONI                      2056.0528629        48.5050151         7.6858431        -5.6463304         1.2526734        31.1456290        28.8856936          .0530228          .0590561
  MQF4E29             MONI                      2060.6734269        29.1572012         9.9679438         2.7076473         -.7784462        31.1634270        28.9837569          .0177980          .0980633
  MQD3E29             MONI                      2065.4852081         7.4403317        20.9498176          .2028379         1.7084092        31.2202127        29.0338813          .0567857          .0501243
  MQF2E35             MONI                      2075.9351124        15.5592217         6.6593999         1.9371573        -1.4349155        31.3956410        29.2372659          .1754283          .2033846
  MQD1E18             MONI                      2079.6748663         5.3422016        23.8161932          .7948461        -3.1527643        31.4629104        29.2852513          .0672694          .0479854
  MQF2E36             MONI                      2084.8146202        15.5592217         6.6593999        -1.9371573         1.4349155        31.5756176        29.3419253          .1127072          .0566740
  MQD3E30             MONI                      2095.2645246         7.4403317        20.9498176         -.2028379        -1.7084092        31.7510459        29.5453099          .1754283          .2033846
  MQF4E30             MONI                      2100.0763058        29.1572012         9.9679438        -2.7076473          .7784462        31.8078316        29.5954343          .0567857          .0501243
  MQEAE35             MONI                      2104.6968698        48.5050151         7.6858431         5.6463304        -1.2526734        31.8256296        29.6934976          .0177980          .0980633
  MQD5E35             MONI                      2110.4482689         7.6607158        26.9249766          .5245025         2.0631561        31.8786524        29.7525537          .0530228          .0590561
  MQF6E18             MONI                      2117.7600692         8.8850272         7.1496356         -.6920158          .6371258        32.0518773        29.8408612          .1732249          .0883075
  MQD5E36             MONI                      2125.9718696         7.6607158        26.9249766         -.5245025        -2.0631561        32.2407420        29.9499018          .1888647          .1090406
  MQEAE36             MONI                      2131.7232687        48.5050151         7.6858431        -5.6463304         1.2526734        32.2937648        30.0089579          .0530228          .0590561
  MQS4OE1             MONI                      2136.3498327        29.1247197         9.9772910         2.7059328         -.7794129        32.3115956        30.1071169          .0178308          .0981591
  MQSBOE1             MONI                      2140.3832703        23.3106086        12.3125821         3.8546116        -1.9923876        32.3354929        30.1681703          .0238973          .0610534
  MQS3ORE             MONI                      2142.9329276         8.0771440        25.0962292         2.1200990        -3.0214811        32.3652388        30.1913367          .0297459          .0231664
  MQS2ORE             MONI                      2152.2034392        13.2848919        30.4043538         -.7192456        -2.8290778        32.6799068        30.2440510          .3146680          .0527143
  MQR7ORE             MONI                      2156.6123470        21.8471728        61.1051859        -1.2228010        -4.1341947        32.7215692        30.2603591          .0416624          .0163081
  MQR6ORE             MONI                      2163.5544764        91.7603481        33.2348271         4.0237664        -1.9032723        32.7458306        30.2853063          .0242613          .0249473
  MQR5ORE             MONI                      2175.5325939        22.2452057        98.7852407         1.7797451        -3.5692415        32.7885364        30.3188245          .0427058          .0335182
  MQR4ORE             MONI                      2184.9583939        45.9630652         4.1630204        -1.8112917         1.5971421        32.8385579        30.3915091          .0500215          .0726845
  MQR3ORE             MONI                      2194.3841939         3.3143289        34.0843629          .5967405        -4.2817592        32.9678522        30.7361871          .1292944          .3446780
  MQR2ORE             MONI                      2203.8099939        34.8057218         4.7479218        -3.3658129          .5746181        33.1656568        30.8555494          .1978046          .1193623
  MQDWOE1             MONI                      2213.2357939         4.3532490        30.8260256          .5210970        -2.5920978        33.2921630        31.0114680          .1265062          .1559186
  MQFWOE              MONI                      2222.6615939        29.5362231         6.2589859        -2.6058185          .5537409        33.4637835        31.1212572          .1716205          .1097892
  MQDWOE2             MONI                      2232.0873939         6.5021517        31.1697887          .5154172        -2.3172962        33.5741579        31.2477670          .1103744          .1265098
  MQFROE2             MONI                      2241.2131939        31.3140040         5.0351872        -2.3568988          .5119838        33.6927066        31.3679866          .1185486          .1202197
  MQDROE3             MONI                      2250.6389939         6.9657018        29.3993215          .6768551        -2.5237427        33.7909702        31.5293994          .0982636          .1614127
  MQFROE3             MONI                      2260.0647939        31.3140040         5.0351872        -2.3568988          .5119838        33.9161629        31.6512779          .1251927          .1218785
  MQDROE4             MONI                      2269.4905939         6.9657018        29.3993215          .6768551        -2.5237427        34.0144265        31.8126906          .0982636          .1614127
  MQFROE4             MONI                      2278.9163939        31.3140040         5.0351872        -2.3568988          .5119838        34.1396193        31.9345691          .1251927          .1218785
  MQDROE5             MONI                      2288.3421939         6.9657018        29.3993215          .6768551        -2.5237427        34.2378829        32.0959819          .0982636          .1614127
  MQFROE5             MONI                      2297.7679939        31.3140040         5.0351872        -2.3568988          .5119838        34.3630757        32.2178604          .1251927          .1218785
  MQDROE6             MONI                      2307.1937939         6.9657018        29.3993215          .6768551        -2.5237427        34.4613393        32.3792732          .0982636          .1614127
  MQR2OLE             MONI                      2316.6195939        31.3140040         5.0351872        -2.3568988          .5119838        34.5865320        32.5011517          .1251927          .1218785
  MQR3OLE             MONI                      2326.0453939         2.6426343        34.0280122          .1491080        -2.9078867        34.7724371        32.6498163          .1859050          .1486646
  MQR4OLE             MONI                      2335.4711939        56.3358053         1.9929596        -5.4921852         -.2385753        34.9419582        32.9046119          .1695211          .2547956
  MQR5OLE             MONI                      2344.8969939         1.7307293        90.8137570          .4807170        -8.9779317        35.0989194        33.0504014          .1569612          .1457895
  MQR6OLE             MONI                      2356.6188487        95.6058897        40.1727170        -8.3508633         2.1309597        35.3717297        33.0788543          .2728103          .0284529
  MQR7OLE             MONI                      2361.7172487        30.9236536        90.7041398         1.5954831         5.0848831        35.3859893        33.0927710          .0142596          .0139167
  MQS2OLE             MONI                      2370.2261487        11.0689797        27.9121083         1.6768656          .0694727        35.4588567        33.1208911          .0728674          .0281201
  MQS3OLE             MONI                      2378.5968490         8.0771440        25.0962292        -2.1200990         3.0214811        35.7619300        33.1685746          .3030733          .0476835
  MQSBOE2             MONI                      2381.1465063        23.3106086        12.3125821        -3.8546116         1.9923876        35.7916759        33.1917410          .0297459          .0231664
  MQS4OE2             MONI                      2385.1799439        29.1247197         9.9772910        -2.7059328          .7794129        35.8155733        33.2527943          .0238973          .0610534
  MQEAE37             MONI                      2389.8065079        48.5050151         7.6858431         5.6463304        -1.2526734        35.8334041        33.3509534          .0178308          .0981591
  MQD5E37             MONI                      2395.5579070         7.6607158        26.9249766          .5245025         2.0631561        35.8864268        33.4100095          .0530228          .0590561
  MQF6E19             MONI                      2402.8697074         8.8850272         7.1496356         -.6920158          .6371258        36.0596517        33.4983170          .1732249          .0883075
  MQD5E38             MONI                      2411.0815077         7.6607158        26.9249766         -.5245025        -2.0631561        36.2485165        33.6073576          .1888647          .1090406
  MQEAE38             MONI                      2416.8329068        48.5050151         7.6858431        -5.6463304         1.2526734        36.3015392        33.6664137          .0530228          .0590561
  MQF4E31             MONI                      2421.4534708        29.1572012         9.9679438         2.7076473         -.7784462        36.3193372        33.7644770          .0177980          .0980633
  MQD3E31             MONI                      2426.2652520         7.4403317        20.9498176          .2028379         1.7084092        36.3761229        33.8146013          .0567857          .0501243
  MQF2E37             MONI                      2436.7151564        15.5592217         6.6593999         1.9371573        -1.4349155        36.5515512        34.0179860          .1754283          .2033846
  MQD1E19             MONI                      2440.4549103         5.3422016        23.8161932          .7948461        -3.1527643        36.6188207        34.0659714          .0672694          .0479854
  MQF2E38             MONI                      2445.5946642        15.5592217         6.6593999        -1.9371573         1.4349155        36.7315279        34.1226454          .1127072          .0566740
  MQD3E32             MONI                      2456.0445685         7.4403317        20.9498176         -.2028379        -1.7084092        36.9069562        34.3260300          .1754283          .2033846
  MQF4E32             MONI                      2460.8563497        29.1572012         9.9679438        -2.7076473          .7784462        36.9637418        34.3761543          .0567857          .0501243
  MQEAE39             MONI                      2465.4769137        48.5050151         7.6858431         5.6463304        -1.2526734        36.9815398        34.4742177          .0177980          .0980633
  MQD5E39             MONI                      2471.2283128         7.6607158        26.9249766          .5245025         2.0631561        37.0345626        34.5332737          .0530228          .0590561
  MQF6E20             MONI                      2478.5401132         8.8850272         7.1496356         -.6920158          .6371258        37.2077875        34.6215813          .1732249          .0883075
  MQD5E40             MONI                      2486.7519135         7.6607158        26.9249766         -.5245025        -2.0631561        37.3966522        34.7306219          .1888647          .1090406
  MQEAE40             MONI                      2492.5033126        48.5050151         7.6858431        -5.6463304         1.2526734        37.4496750        34.7896779          .0530228          .0590561
  MQF4E33             MONI                      2497.1238766        29.1572012         9.9679438         2.7076473         -.7784462        37.4674730        34.8877412          .0177980          .0980633
  MQD3E33             MONI                      2501.9356578         7.4403317        20.9498176          .2028379         1.7084092        37.5242587        34.9378656          .0567857          .0501243
  MQF2E39             MONI                      2512.3855622        15.5592217         6.6593999         1.9371573        -1.4349155        37.6996870        35.1412502          .1754283          .2033846
  MQD1E20             MONI                      2516.1253161         5.3422016        23.8161932          .7948461        -3.1527643        37.7669565        35.1892356          .0672694          .0479854
  MQF2E40             MONI                      2521.2650700        15.5592217         6.6593999        -1.9371573         1.4349155        37.8796637        35.2459096          .1127072          .0566740
  MQD3E34             MONI                      2531.7149743         7.4403317        20.9498176         -.2028379        -1.7084092        38.0550920        35.4492942          .1754283          .2033846
  MQF4E34             MONI                      2536.5267555        29.1572012         9.9679438        -2.7076473          .7784462        38.1118776        35.4994186          .0567857          .0501243
  MQEAE41             MONI                      2541.1473195        48.5050151         7.6858431         5.6463304        -1.2526734        38.1296756        35.5974819          .0177980          .0980633
  MQD5E41             MONI                      2546.8987186         7.6607158        26.9249766          .5245025         2.0631561        38.1826984        35.6565380          .0530228          .0590561
  MQF6E21             MONI                      2554.2105190         8.8850272         7.1496356         -.6920158          .6371258        38.3559233        35.7448455          .1732249          .0883075
  MQD5E42             MONI                      2562.4223193         7.6607158        26.9249766         -.5245025        -2.0631561        38.5447880        35.8538861          .1888647          .1090406
  MQEAE42             MONI                      2568.1737184        48.5050151         7.6858431        -5.6463304         1.2526734        38.5978108        35.9129422          .0530228          .0590561
  MQF4E35             MONI                      2572.7942824        29.1572012         9.9679438         2.7076473         -.7784462        38.6156088        36.0110055          .0177980          .0980633
  MQD3E35             MONI                      2577.6060636         7.4403317        20.9498176          .2028379         1.7084092        38.6723945        36.0611298          .0567857          .0501243
  MQF2E41             MONI                      2588.0559680        15.5592217         6.6593999         1.9371573        -1.4349155        38.8478228        36.2645144          .1754283          .2033846
  MQD1E21             MONI                      2591.7957219         5.3422016        23.8161932          .7948461        -3.1527643        38.9150923        36.3124999          .0672694          .0479854
  MQF2E42             MONI                      2596.9354758        15.5592217         6.6593999        -1.9371573         1.4349155        39.0277995        36.3691739          .1127072          .0566740
  MQT1OTE1            MONI                      2607.3853801         7.4403317        20.9498176         -.2028379        -1.7084092        39.2032278        36.5725585          .1754283          .2033846
  MQT2OTE1            MONI                      2612.6180865        24.1438560        20.5819766        -4.0725482         1.7616865        39.2737044        36.6093155          .0704767          .0367570
  MQTAOTE1            MONI                      2616.1355465        48.1181067        13.8843623         4.8487187        -1.6545976        39.2884747        36.6462700          .0147703          .0369546
  MQT3OTE1            MONI                      2621.0512298        15.1239205        31.5332925          .5202825         1.3541151        39.3196320        36.6814801          .0311573          .0352101
  MQT4OTE1            MONI                      2629.2917170        12.2534576        15.2462870         -.1718167          .6205336        39.4230663        36.7427677          .1034343          .0612876
  MQTBOTE1            MONI                      2633.4802240        17.9477963         9.3017031         -.9510439          .4896003        39.4692906        36.7991416          .0462243          .0563739
  MQT5OTE             MONI                      2637.6687310        10.1156939        17.1677297          .9256287        -1.5165100        39.5160464        36.8568506          .0467558          .0577090
  MQTBOTE2            MONI                      2643.0572380        17.9477963         9.3017031          .9510439         -.4896003        39.5825744        36.9252079          .0665280          .0683574
  MQT4OTE2            MONI                      2647.2457450        12.2534576        15.2462870          .1718167         -.6205336        39.6287987        36.9815818          .0462243          .0563739
  MQT3OTE2            MONI                      2655.4862322        15.1239205        31.5332925         -.5202825        -1.3541151        39.7322330        37.0428694          .1034343          .0612876
  MQTAOTE2            MONI                      2660.4019155        48.1181067        13.8843623        -4.8487187         1.6545976        39.7633903        37.0780795          .0311573          .0352101
  MQT2OTE2            MONI                      2663.9193755        24.1438560        20.5819766         4.0725482        -1.7616865        39.7781606        37.1150341          .0147703          .0369546
  MQT1OTE2            MONI                      2669.1520819         7.4403317        20.9498176          .2028379         1.7084092        39.8486373        37.1517910          .0704767          .0367570
  MQF2E43             MONI                      2679.6019862        15.5592217         6.6593999         1.9371573        -1.4349155        40.0240656        37.3551756          .1754283          .2033846
  MQD1E22             MONI                      2683.3417401         5.3422016        23.8161932          .7948461        -3.1527643        40.0913350        37.4031611          .0672694          .0479854
  MQF2E44             MONI                      2688.4814940        15.5592217         6.6593999        -1.9371573         1.4349155        40.2040422        37.4598351          .1127072          .0566740
  MQD3E36             MONI                      2698.9313984         7.4403317        20.9498176         -.2028379        -1.7084092        40.3794705        37.6632197          .1754283          .2033846
  MQF4E36             MONI                      2703.7431796        29.1572012         9.9679438        -2.7076473          .7784462        40.4362562        37.7133440          .0567857          .0501243
  MQEAE43             MONI                      2708.3637436        48.5050151         7.6858431         5.6463304        -1.2526734        40.4540542        37.8114074          .0177980          .0980633
  MQD5E43             MONI                      2714.1151427         7.6607158        26.9249766          .5245025         2.0631561        40.5070770        37.8704634          .0530228          .0590561
  MQF6E22             MONI                      2721.4269430         8.8850272         7.1496356         -.6920158          .6371258        40.6803019        37.9587710          .1732249          .0883075
  MQD5E44             MONI                      2729.6387434         7.6607158        26.9249766         -.5245025        -2.0631561        40.8691666        38.0678115          .1888647          .1090406
  MQEAE44             MONI                      2735.3901425        48.5050151         7.6858431        -5.6463304         1.2526734        40.9221894        38.1268676          .0530228          .0590561
  MQF4E37             MONI                      2740.0107065        29.1572012         9.9679438         2.7076473         -.7784462        40.9399874        38.2249309          .0177980          .0980633
  MQD3E37             MONI                      2744.8224877         7.4403317        20.9498176          .2028379         1.7084092        40.9967731        38.2750553          .0567857          .0501243
  MQF2E45             MONI                      2755.2723920        15.5592217         6.6593999         1.9371573        -1.4349155        41.1722014        38.4784399          .1754283          .2033846
  MQD1E23             MONI                      2759.0121459         5.3422016        23.8161932          .7948461        -3.1527643        41.2394708        38.5264253          .0672694          .0479854
  MQF2E46             MONI                      2764.1518998        15.5592217         6.6593999        -1.9371573         1.4349155        41.3521780        38.5830993          .1127072          .0566740
  MQD3E38             MONI                      2774.6018042         7.4403317        20.9498176         -.2028379        -1.7084092        41.5276063        38.7864839          .1754283          .2033846
  MQF4E38             MONI                      2779.4135854        29.1572012         9.9679438        -2.7076473          .7784462        41.5843920        38.8366083          .0567857          .0501243
  MQEAE45             MONI                      2784.0341494        48.5050151         7.6858431         5.6463304        -1.2526734        41.6021900        38.9346716          .0177980          .0980633
  MQD5E45             MONI                      2789.7855485         7.6607158        26.9249766          .5245025         2.0631561        41.6552128        38.9937277          .0530228          .0590561
  MQF6E23             MONI                      2797.0973488         8.8850272         7.1496356         -.6920158          .6371258        41.8284377        39.0820352          .1732249          .0883075
  MQD5E46             MONI                      2805.3091492         7.6607158        26.9249766         -.5245025        -2.0631561        42.0173024        39.1910758          .1888647          .1090406
  MQEAE46             MONI                      2811.0605483        48.5050151         7.6858431        -5.6463304         1.2526734        42.0703252        39.2501318          .0530228          .0590561
  MQF4E39             MONI                      2815.6811123        29.1572012         9.9679438         2.7076473         -.7784462        42.0881232        39.3481952          .0177980          .0980633
  MQD3E39             MONI                      2820.4928935         7.4403317        20.9498176          .2028379         1.7084092        42.1449089        39.3983195          .0567857          .0501243
  MQF2E47             MONI                      2830.9427978        15.5592217         6.6593999         1.9371573        -1.4349155        42.3203372        39.6017041          .1754283          .2033846
  MQD1E24             MONI                      2834.6825517         5.3422016        23.8161932          .7948461        -3.1527643        42.3876066        39.6496896          .0672694          .0479854
  MQF2E48             MONI                      2839.8223056        15.5592217         6.6593999        -1.9371573         1.4349155        42.5003138        39.7063636          .1127072          .0566740
  MQD3E40             MONI                      2850.2722100         7.4403317        20.9498176         -.2028379        -1.7084092        42.6757421        39.9097482          .1754283          .2033846
  MQF4E40             MONI                      2855.0839912        29.1572012         9.9679438        -2.7076473          .7784462        42.7325278        39.9598725          .0567857          .0501243
  MQLA10RE            MONI                      2859.7045552        46.8449793         7.9300982         6.9028434        -1.4797291        42.7503634        40.0576858          .0178356          .0978133
  MQLA9RE             MONI                      2863.9595666         6.9040781        27.8047642         2.4839472        -3.1911551        42.7883801        40.1039402          .0380167          .0462544
  MQLA8RE             MONI                      2873.3713667        15.1987642        10.0948830         1.1057551        -4.4392609        43.0729423        40.5175147          .2845622          .4135745
  MQLA7RE             MONI                      2881.8831668         8.4403106       192.6986917        -1.4400444        12.9317295        43.2263781        40.5455759          .1534358          .0280612
  MQLA6RE             MONI                      2890.4286614        46.5106248        46.2297949         6.2219638        -3.3110541        43.2888239        40.5617107          .0624459          .0161348
  MQLA5RE             MONI                      2894.5891235        12.0467717        63.7675223          .8107282         7.4678228        43.3194168        40.5728869          .0305929          .0111762
  MQLA4RE             MONI                      2905.7611605         9.2926399         9.3197751         1.2462319        -4.1724407        43.5284779        40.9900363          .2090611          .4171495
  MQLA3RE             MONI                      2911.7141280         5.0335873       106.4618409        -1.4062421         9.4008416        43.7281427        41.0175656          .1996648          .0275293
  MQLA2RE             MONI                      2920.9780873        78.5903189         4.4997139        -3.1552007         1.4176538        43.8035918        41.0885679          .0754491          .0710023
  MQLX2RE1            MONI                      2923.3380873        75.5173880         1.8729846        16.4466414         -.5436679        43.8080599        41.2608283          .0044681          .1722604
  MQLX3RE1            MONI                      2925.4855980        21.4585673         7.3981108         8.7261412        -2.0291370        43.8165544        41.3586991          .0084945          .0978708
  MQLX4RE             MONI                      2932.3455996         2.2795845         9.2851266          .1657028        -2.5372420        44.0768944        41.5054100          .2603399          .1467110
  MQLX3RE2            MONI                      2938.3056012        21.1384352        50.7246070        -8.6928909        11.3798003        44.2922498        41.5437328          .2153555          .0383228
  MQLX2RE2            MONI                      2940.4531119        75.1791777        13.7129643       -16.4714734         5.8548716        44.3008277        41.5567064          .0085779          .0129736
  MQLB8RE             MONI                      2942.8131119        78.6738756         2.4274661         3.0596957          .9647408        44.3053034        41.6299859          .0044757          .0732795
  MQLB7RE             MONI                      2948.3910008         5.4691015         6.6632902         -.3489299         2.6386439        44.3631161        41.9270287          .0578127          .2970428
  MQLB4RE             MONI                      2957.8615735        24.2453516        78.4002310         4.4585962       -26.8968344        44.4945282        42.3509946          .1314121          .4239660
  MQLB1RE             MONI                      2960.9918734         6.3964764       263.1461398          .1355252        28.2165800        44.5395614        42.3540933          .0450331          .0030986
  MQLY2RE1            MONI                      2963.0018734         6.4133030       164.1601474         -.0820088        19.5280283        44.5901058        42.3556401          .0505444          .0015468
  MQLY4RE1            MONI                      2968.2575734        11.6113420        23.2282678         -.9070200         7.2870258        44.6943291        42.3692024          .1042233          .0135623
  MQLY5RE             MONI                      2975.5176168         4.7777574         2.2416034        -1.2976500          .0585438        44.9084308        42.6354959          .2141017          .2662935
  MQLY4RE2            MONI                      2981.8776603        36.6416898        23.2105069         3.3662794        -7.2855256        44.9808840        42.8396582          .0724532          .2041623
  MQLY2RE2            MONI                      2987.1333603        10.5537508       164.1498292         1.5974626       -19.5309446        45.0239437        42.8532261          .0430597          .0135680
  MQLC7RE             MONI                      2989.1433603         5.1390694       263.1507975          .9907191       -28.2212238        45.0677164        42.8547730          .0437727          .0015469
  MQLC6RE             MONI                      2993.5686003         9.7373811        75.3528602        -1.1580405        18.1611941        45.1875514        42.8593233          .1198351          .0045503
  MQLC5RE             MONI                      2997.2893453        12.2551155        14.4268785         -.3690699         4.5271209        45.2403860        42.8781135          .0528345          .0187903
  MQLC3RE             MONI                      3003.3799331        34.9614517        25.6036831        -2.6137639        -7.2885555        45.2894231        43.3284036          .0490372          .4502900
  MQLC2RE             MONI                      3010.6399742       233.8152734        99.8849425       -12.2295639        -9.8913659        45.3028092        43.3502472          .0133861          .0218436
  MQC2RE              MONI                      3013.8146988       190.7130202       263.7467378       118.3642996      -135.9911137        45.3047308        43.3540103          .0019216          .0037631
  MQC1RE              MONI                      3015.7846995         2.9087304        93.6284372         5.2990527       176.6381914        45.3257444        43.3550008          .0210135 9.904717047169E-4
