255 2 0
253 4 0
251 5 0
249 7 0
247 9 0
245 11 0
243 13 0
241 15 0
239 17 0
237 19 0
235 21 0
234 23 0
232 25 0
230 27 0
228 29 0
226 31 0
224 33 0
222 35 0
220 37 0
218 39 0
216 41 0
214 43 0
212 45 0
210 47 0
208 49 0
206 51 0
204 53 0
202 55 0
200 57 0
198 59 0
196 61 0
195 63 0
193 65 0
191 67 0
189 69 0
187 71 0
185 73 0
183 75 0
181 77 0
179 79 0
177 81 0
175 83 0
173 85 0
171 87 0
169 88 0
167 90 0
165 92 0
163 94 0
161 96 0
159 98 0
157 100 0
155 102 0
154 104 0
152 106 0
150 108 0
148 110 0
146 112 0
144 114 0
142 116 0
140 118 0
138 120 0
136 122 0
134 124 0
132 126 0
130 128 0
128 130 0
126 132 0
124 134 0
122 136 0
120 138 0
118 140 0
116 142 0
114 144 0
112 146 0
110 148 0
108 150 0
105 152 0
103 154 0
101 156 0
99 158 0
97 160 0
95 162 0
93 164 0
91 166 0
89 168 0
87 170 0
85 172 0
83 174 0
81 176 0
79 178 0
77 180 0
75 182 0
73 184 0
71 186 0
69 188 0
67 190 0
65 192 0
62 194 0
60 196 0
58 198 0
56 200 0
54 202 0
52 204 0
50 206 0
48 208 0
46 211 0
44 213 0
42 215 0
40 217 0
38 219 0
36 221 0
34 223 0
32 225 0
30 227 0
28 229 0
26 231 0
24 233 0
22 235 0
19 237 0
17 239 0
15 241 0
13 243 0
11 245 0
9 247 0
7 249 0
5 251 0
3 253 0
1 255 0
0 255 1
0 253 3
0 251 5
0 249 7
0 247 9
0 245 11
0 243 13
0 241 15
0 239 17
0 237 19
0 235 20
0 232 22
0 230 24
0 228 26
0 226 28
0 224 30
0 222 32
0 220 34
0 218 36
0 216 38
0 214 40
0 212 42
0 210 44
0 208 46
0 206 48
0 204 50
0 202 52
0 200 54
0 198 56
0 196 58
0 194 60
0 192 61
0 190 63
0 188 65
0 186 67
0 184 69
0 182 71
0 180 73
0 178 75
0 176 77
0 174 79
0 172 81
0 170 83
0 168 85
0 166 87
0 164 89
0 162 91
0 160 93
0 158 95
0 156 97
0 154 99
0 152 101
0 149 102
0 147 104
0 145 106
0 143 108
0 141 110
0 139 112
0 137 114
0 135 116
0 133 118
0 131 120
0 129 122
0 127 124
0 125 126
0 123 128
0 121 130
0 119 132
0 117 134
0 115 136
0 113 138
0 111 140
0 109 142
0 107 145
0 105 147
0 103 149
0 101 151
0 99 153
0 97 155
0 95 157
0 93 159
0 91 161
0 89 163
0 87 165
0 85 167
0 83 169
0 82 171
0 80 173
0 78 175
0 76 177
0 74 180
0 72 182
0 70 184
0 68 186
0 66 188
0 64 190
0 62 192
0 60 194
0 58 196
0 56 198
0 54 200
0 52 202
0 50 204
0 48 206
0 46 208
0 44 210
0 42 212
0 40 215
0 38 217
0 36 219
0 34 221
0 32 223
0 30 225
0 28 227
0 26 229
0 24 231
0 22 233
0 20 235
0 18 237
0 16 239
0 14 241
0 12 243
0 10 245
0 8 248
0 6 250
0 4 252
0 2 254
0 0 255
